-3.69731068611145
-3.0717666149139404
-3.627964735031128
-5.128091335296631
-6.421093940734863
-6.831515312194824
-7.1282124519348145
-6.792331695556641
-6.5930609703063965
-6.558935165405273
-6.697445869445801
-7.045392990112305
-7.9822258949279785
-8.844099044799805
-9.739217758178711
-10.427467346191406
-10.76388931274414
-10.794672966003418
-11.079357147216797
-10.975363731384277
-11.023860931396484
-11.245583534240723
-11.577866554260254
-11.947101593017578
-12.611061096191406
-13.052874565124512
-13.53076171875
-14.009843826293945
-14.445154190063477
-14.801789283752441
-15.41827392578125
-15.601736068725586
-15.757246971130371
-15.915761947631836
-16.093120574951172
-16.309919357299805
-16.87139129638672
-17.271440505981445
-17.742109298706055
-18.2191219329834
-18.640338897705078
-18.97650909423828
-19.50116729736328
-19.724594116210938
-19.947153091430664
-20.177143096923828
-20.414676666259766
-20.6756591796875
