0.6680980045466027
0.6529426622884567
0.4839605961101288
0.5976256630462238
0.6160646627936348
0.6105077039656479
0.6198534983581713
0.6337458954281384
0.626673402374337
0.6127810053043697
0.6380399090679465
0.639555443293761
0.6074766355140186
0.5885324576913362
0.5981308411214953
0.6231371558474362
0.6206112654710786
0.615812073755999
0.6438494569335691
0.6554685526648143
0.6491538267239202
0.6463753473099267
0.650416771912099
0.6519323061379136
0.6466279363475625
0.6365243748421319
0.6453649911593837
0.6473857034604699
0.6423339227077545
0.6380399090679465
0.6357666077292246
0.641828744632483
0.6496590047991917
0.6534478403637282
0.6554685526648143
0.6567314978529932
0.657994443041172
0.6602677443798939
0.6617832786057085
0.6605203334175297
0.650416771912099
0.6410709775195756
0.6489012376862844
0.657994443041172
0.6577418540035362
0.6491538267239202
0.6410709775195756
0.6403132104066683
0.6451124021217479
0.6448598130841121
0.6463753473099267
0.653700429401364
0.6577418540035362
0.6607729224551655
0.6602677443798939
0.6577418540035362
0.6557211417024501
0.6499115938368275
0.6514271280626421
0.6567314978529932
0.6506693609497348
0.6433442788582976
0.6433442788582976
0.6456175801970194
