1.0689071416854858
1.4433435201644897
1.0243865251541138
1.0992621183395386
1.2508997917175293
1.22285795211792
1.19487464427948
0.9706242680549622
0.9397907853126526
1.015425682067871
1.0671443939208984
1.0299522876739502
0.9436201453208923
0.9152776002883911
0.9522399306297302
1.0218585729599
1.0358668565750122
0.9749011397361755
0.9689526557922363
0.892104983329773
0.8653378486633301
0.887170672416687
0.9230325818061829
0.9284881353378296
0.850852906703949
0.8473438620567322
0.855775773525238
0.864682674407959
0.8660606145858765
0.8595681190490723
0.9287707805633545
0.8793650269508362
0.8377929925918579
0.833459198474884
0.8532556891441345
0.8630205988883972
0.8223163485527039
0.8218032121658325
0.8195575475692749
0.8200308680534363
0.8231395483016968
0.8231194019317627
0.8617384433746338
0.8338949680328369
0.8108949661254883
0.8078840970993042
0.8157882690429688
0.8183199763298035
