-16.04271125793457
0.9584009647369385
-16.311006546020508
0.9718279242515564
-16.665035247802734
0.9938050508499146
-17.01757049560547
1.020816683769226
-17.372201919555664
1.051375389099121
-17.731340408325195
1.0848109722137451
-18.09531021118164
1.1208328008651733
-18.465133666992188
1.1593600511550903
1.1733498573303223
1.176358938217163
1.169793963432312
1.1556193828582764
1.1360156536102295
1.1131342649459839
1.0889352560043335
1.0650875568389893
1.042912483215332
1.0233635902404785
1.0070371627807617
0.9941979646682739
0.9848215579986572
0.9786515235900879
0.9752578735351562
0.9741003513336182
0.9745877385139465
0.9761297106742859
0.9781831502914429
0.9802849292755127
0.9820719957351685
0.9832908511161804
0.9837963581085205
0.9835415482521057
0.9825628399848938
0.980960488319397
0.9788780808448792
0.9764800071716309
0.9739336967468262
0.9713931083679199
0.9689866304397583
0.9668103456497192
0.9649249315261841
0.9633580446243286
0.9621079564094543
0.9611480236053467
0.960437536239624
0.95992511510849
0.9595581889152527
0.9592856764793396
0.9590616226196289
0.9588508009910583
0.958625853061676
0.9583684206008911
0.9580686688423157
0.9577242136001587
0.9573380351066589
0.9569169878959656
0.9564715027809143
0.9560127854347229
0.9555515050888062
0.9550973176956177
0.9546588659286499
0.9542416930198669
0.9538490772247314
0.9534820914268494
0.9531404376029968
0.9528220891952515
0.9525241851806641
0.9522433876991272
0.9519768953323364
0.9517217874526978
0.9514753818511963
0.9512357115745544
0.9510013461112976
0.9507702589035034
0.9505422115325928
0.9503155946731567
0.9500904083251953
0.9498656988143921
0.9496418237686157
0.9494184255599976
0.9491959810256958
0.9489747881889343
0.9487553834915161
0.9485381841659546
0.9483243823051453
0.9481136798858643
0.9479070901870728
0.9477046132087708
0.9475064277648926
0.9473122358322144
0.9471222758293152
0.9469359517097473
0.9467530846595764
0.9465737342834473
0.9463968276977539
0.9462226629257202
0.9460501670837402
0.9458802938461304
0.9457116723060608
0.9455450773239136
0.9453798532485962
0.9452164769172668
0.9450543522834778
0.9448941946029663
0.9447355270385742
0.9445787668228149
0.9444239139556885
0.9442711472511292
0.9441203474998474
0.9439714550971985
0.9438247680664062
0.9436799883842468
0.943537175655365
0.9433962106704712
0.9432573318481445
0.9431202411651611
0.9429852962493896
0.9428517818450928
0.9427199959754944
0.9425898790359497
0.9424614310264587
0.9423345923423767
0.9422091841697693
0.942085862159729
0.9419637322425842
0.9418433308601379
0.941724419593811
0.9416069984436035
0.9414913058280945
0.9413772821426392
0.9412647485733032
0.9411537647247314
0.9410443902015686
0.9409365653991699
0.9408302903175354
0.9407254457473755
0.9406222105026245
0.9405205845832825
0.9404202699661255
0.9403218030929565
0.9402245283126831
0.9401289820671082
0.9400346279144287
0.9399418830871582
0.9398506879806519
0.9397607445716858
0.9396725296974182
0.9395855665206909
0.9395002126693726
0.939416229724884
0.9393336772918701
0.9392526745796204
0.9391728639602661
0.9390946626663208
0.9390177130699158
0.9389420747756958
0.9388681650161743
0.9387953281402588
0.9387242794036865
0.9386542439460754
0.9385858774185181
0.9385188221931458
0.9384531378746033
0.9383888840675354
